54
0 0 3 3
1 1 4 4
100 100 3 3
101 98 4 4
200 200 3 3
198 198 4 4
300 300 3 3
298 301 4 4 
400 400 3 3
401 401 3 1
500 500 3 3
499 501 3 1
600 600 3 3
601 601 1 3
700 700 3 3
701 699 1 3
800 800 3 3
801 799 1 5
900 900 3 3
899 901 5 1
1000 1000 3 3
1001 999 2 5
1100 1100 3 3
1101 1099 5 5
1200 1200 3 3
1200 1199 2 5
1300 1300 3 3
1297 1299 5 5
1400 1400 3 3
1399 1401 5 2
1500 1500 3 3
1499 1501 5 5
1600 1600 3 3
1599 1600 5 2
1700 1700 3 3
1699 1697 5 5
1800 1800 3 3
1801 1801 1 1
1900 1900 3 3
1901 1901 2 2
2000 2000 3 3
2001 2000 2 2
2100 2100 3 3
2100 2100 2 2
2200 2200 3 3
2200 2201 2 2
2300 2300 3 3
2300 2301 3 2
2400 2400 3 3
2400 2400 2 3
2500 2500 3 3
2501 2500 2 3
2600 2600 3 3
2600 2600 3 2



0 0 3 3
1 1 4 4
0 0 1 3
1 0 2 1
  □□□□
  □□□□
■□□□□
■□□□□
■■■ 
=================================
100 100 3 3
101 98 4 4
■■■ 
■□□□□
■□□□□
  □□□□
  □□□□
=================================
200 200 3 3
198 198 4 4
    ■■■ 
□□□□■
□□□□■
□□□□
□□□□
=================================
300 300 3 3
298 301 4 4 
□□□□
□□□□
□□□□■
□□□□■
    ■■■ 
=================================
400 400 3 3
401 401 3 1
■■■ 
■□□□ 
■■■ 
=================================
500 500 3 3
499 501 3 1
  ■■■ 
□□□■ 
  ■■■ 
=================================
600 600 3 3
601 601 1 3
  □
■□■
■□■
■■■
=================================
700 700 3 3
701 699 1 3
■■■
■□■
■□■
  □
=================================
800 800 3 3
801 799 1 5
  □
■□■
■□■
■□■
  □
=================================  
900 900 3 3
899 901 5 1
  ■■■
□□□□□
  ■■■
=================================
1000 1000 3 3
1001 999 2 5
  □□
■□□
■□□
■□□
  □□
=================================
1100 1100 3 3
1101 1099 5 5
  □□□□□
■□□□□□
■□□□□□
■□□□□□
  □□□□□
================================= 
1200 1200 3 3
1200 1199 2 5
□□
□□■
□□■
□□■
□□
=================================
1300 1300 3 3
1297 1299 5 5
□□□□□
□□□□□■
□□□□□■
□□□□□■
□□□□□
=================================
1400 1400 3 3
1399 1401 5 2
□□□□□
□□□□□
  ■■■
=================================
1500 1500 3 3
1499 1501 5 5
□□□□□
□□□□□
□□□□□
□□□□□
□□□□□
  ■■■
=================================
1600 1600 3 3
1599 1600 5 2
  ■■■  
□□□□□
□□□□□
=================================
1700 1700 3 3
1699 1697 5 5
  ■■■  
□□□□□
□□□□□
□□□□□
□□□□□
□□□□□
=================================
1800 1800 3 3
1801 1801 1 1
■■■ 
■□■
■■■
=================================
1900 1900 3 3
1901 1901 2 2
■□□ 
■□□
■■■ 
=================================
2000 2000 3 3
2001 2000 2 2
■■■ 
■□□ 
■□□
=================================
2100 2100 3 3
2100 2100 2 2
■■■ 
□□■
□□■
=================================
2200 2200 3 3
2200 2201 2 2
□□■
□□■
■■■
=================================
2300 2300 3 3
2300 2301 3 2
□□□
□□□
■■■
=================================
2400 2400 3 3
2400 2400 2 3
□□■
□□■
□□■
=================================
2500 2500 3 3
2501 2500 2 3
■□□
■□□
■□□
=================================
2600 2600 3 3
2600 2600 3 2
■■■
□□□
□□□
=================================
C       D
  ■■■
  ■■■
  ■■■
A       B